99 0.048877
655 0.060571
812 1.213634
201 0.184027
88 3.275286
761 1.053862
858 3.530006
586 3.814730
877 0.296041
418 0.219187
261 4.435961
967 4.487740
616 0.117801
460 1.592228
802 0.450171
748 3.609754
216 0.958762
807 1.368876
346 4.384233
265 2.024408
172 2.125932
651 0.065681
504 1.945497
857 0.634257
602 0.903168
922 0.492751
286 1.824677
640 2.310102
290 3.440701
1000 0.870953
379 1.599518
706 3.312144
140 4.980647
425 3.176523
199 6.094367
168 0.460943
489 7.870110
10 3.047808
69 2.590996
915 2.472154
125 10.358297
794 1.774211
173 5.650594
499 2.705730
72 4.946794
579 0.285302
656 0.295362
493 2.257707
177 1.655229
76 3.341452
363 0.446638
829 0.620921
966 0.829526
464 3.146655
729 9.406909
378 2.723709
64 3.934794
176 6.315249
591 6.915697
459 6.223715
715 3.339192
398 7.514516
488 0.954008
508 1.160827
890 3.177993
150 7.568058
873 6.696103
203 0.520473
556 1.601379
355 3.763919
861 0.008197
384 0.065134
732 1.049366
736 2.416850
274 0.195825
582 1.349016
685 0.513145
718 6.330380
247 5.763562
739 7.685430
914 7.904214
979 1.029966
41 1.511041
305 0.441964
25 8.766761
480 5.803522
44 5.865156
866 2.622976
369 1.523050
625 2.466507
358 2.400154
559 8.880838
442 2.380085
601 8.547662
78 4.628367
781 0.695968
131 5.341980
585 9.304293
791 2.015607
448 2.305853
709 3.873142
303 0.221994
318 9.321314
112 0.187014
682 0.151797
108 6.481258
528 0.754883
483 2.641797
43 3.081710
790 0.398392
846 4.379866
856 1.157232
815 7.141721
673 1.160823
105 4.071960
218 1.851898
457 2.635597
291 0.648130
393 0.996884
767 12.199605
204 7.613191
272 1.579004
45 4.025540
746 3.981166
764 0.443996
569 1.070328
75 5.062291
238 1.256549
8 4.955969
255 0.988408
327 7.980319
162 8.724991
700 6.299768
237 11.156170
360 4.757875
948 1.372871
171 6.369503
583 1.169385
317 3.910053
819 0.372155
789 1.692889
571 0.688119
96 1.306901
911 2.225558
142 7.989365
40 0.574295
621 8.668184
765 3.301854
252 6.379406
991 1.786032
497 4.925236
880 2.224442
367 1.451973
526 1.804077
683 0.303605
900 2.974230
396 1.287326
138 4.599036
626 3.496575
118 1.154025
834 1.008633
293 13.432625
610 1.254570
405 2.509040
727 1.118940
851 10.119818
243 4.568480
254 0.671182
98 1.663044
544 2.589098
768 5.221717
992 9.837437
611 7.023519
908 12.436910
15 7.919897
516 3.344595
411 6.475940
776 9.789395
960 16.506472
406 3.966365
532 1.173445
479 2.853185
482 1.692927
190 0.977336
104 4.079355
287 6.186917
453 8.809267
102 3.557172
864 5.148873
596 0.243514
695 8.405706
881 0.451781
918 6.020773
592 2.104006
717 5.403856
68 8.231185
178 0.418349
356 2.661161
193 2.181973
214 2.516049
568 9.906323
894 0.668811
182 0.000000
240 10.461076
83 11.226595
668 3.801629
595 8.614639
755 4.567918
524 3.864678
607 4.308568
942 5.128771
726 0.229760
302 2.673657
614 5.520942
860 4.000418
667 0.422894
548 4.061270
930 4.818918
377 0.256885
42 4.980609
527 0.905382
680 0.439275
884 0.996062
282 2.063326
74 2.572449
299 1.345689
567 4.026083
793 3.907088
513 12.349755
58 7.494555
82 2.888446
799 1.685089
518 8.392792
688 4.122906
749 2.841070
234 4.721193
37 2.649539
805 1.860201
179 1.190381
939 15.621526
164 1.940993
6 4.361060
713 3.130373
593 1.431780
720 6.570666
690 8.213371
119 9.584630
295 1.230954
603 8.028988
875 3.551928
133 1.392329
141 0.525186
16 7.171597
892 5.911422
827 0.082658
696 1.513163
323 4.982486
848 0.131291
756 1.909477
196 9.716337
263 2.395401
334 0.897138
867 0.187351
618 9.541938
987 1.977515
185 3.391443
542 2.069304
936 10.269911
800 5.254881
208 1.267329
22 0.093310
970 1.144362
808 2.266998
869 9.759783
931 6.285074
600 10.523818
187 0.077742
530 4.613137
534 1.370530
456 2.041079
241 2.106363
436 16.300867
940 6.869460
505 1.994302
878 2.598320
653 0.826297
454 4.941700
563 0.705757
352 0.483345
155 1.626708
517 5.308497
280 1.362299
954 0.726419
512 3.629063
887 8.833824
52 2.989967
752 1.624170
426 3.621925
670 3.292708
924 3.310617
278 4.441525
109 7.739045
588 2.284357
55 3.437057
308 3.309378
186 0.248651
244 2.997097
821 2.510597
315 1.064565
841 17.240164
353 1.635786
328 19.622763
54 0.706211
701 0.746855
312 1.807613
408 0.568934
876 1.178763
207 16.349079
486 1.101616
342 5.707543
461 3.205115
375 4.820145
974 0.996035
157 1.992329
441 7.288126
941 3.467735
998 0.694117
221 1.573375
458 1.856952
71 0.000000
91 0.000000
23 2.200930
828 0.000000
852 12.016482
637 0.000000
432 1.046730
648 0.000000
210 13.450991
161 17.900896
136 0.909812
7 0.000000
397 0.000000
678 3.478727
304 1.279132
376 4.320583
335 0.000000
256 0.000000
301 0.000000
12 2.051614
973 0.000000
47 6.675746
716 0.000000
990 0.000000
374 2.720505
28 0.000000
166 0.000000
321 0.000000
59 0.000000
86 16.607439
818 0.000000
242 2.779313
195 0.000000
391 0.000000
159 0.000000
465 6.612474
89 0.000000
5 16.384706
811 2.565040
845 4.191693
647 0.000000
711 27.502028
938 0.000000
870 5.839250
202 0.000000
320 4.680512
983 0.000000
774 0.000000
671 3.626513
478 2.998308
574 3.309405
561 0.000000
539 3.126307
269 0.000000
343 0.000000
771 2.669517
888 8.690032
511 0.501144
995 2.372061
213 9.272183
669 11.066665
724 7.510302
51 6.957037
638 1.448465
154 0.606722
97 2.032810
395 14.250201
654 7.215876
192 0.837873
822 1.228947
957 12.854054
364 10.758031
801 0.007747
474 1.527414
657 5.721868
29 7.069716
350 6.686080
949 1.874995
35 12.514093
430 2.180918
742 3.075057
883 7.460733
447 0.436289
348 8.631641
232 0.589912
24 0.805070
906 0.986229
167 2.545890
831 12.738099
217 0.264495
122 1.520461
865 1.835438
370 4.308546
325 1.776200
549 2.489307
354 1.958277
401 19.554058
134 2.107195
961 4.170393
339 1.291619
597 4.533687
550 1.322228
235 4.001257
422 7.859469
446 4.196110
270 5.428624
451 3.104794
147 1.083321
443 10.317963
520 1.172767
684 0.980762
839 2.192254
130 3.074734
463 0.837478
412 0.670027
285 5.005835
62 4.119622
206 5.593542
830 6.095896
523 2.444803
148 4.064435
87 4.972872
501 3.129401
266 0.264402
80 0.913976
750 6.948573
212 4.880095
733 3.287398
981 0.000000
705 1.486193
813 0.016338
578 1.547380
70 4.993028
48 3.499395
322 0.000000
646 4.217340
81 6.446563
855 0.161928
19 3.801925
531 0.000000
67 16.505754
984 2.202837
399 0.641161
658 4.846426
999 5.060176
698 4.979319
722 6.483999
778 2.875448
400 0.520424
485 1.754625
796 2.515986
622 1.510704
197 8.171462
641 21.025255
955 5.664629
2 3.185989
645 2.810243
985 0.403714
649 11.261563
753 3.147209
919 1.289824
553 2.357257
73 1.418147
258 6.463607
923 2.684955
120 2.212746
433 4.658623
435 2.105159
806 5.157696
275 0.577249
366 1.211056
414 6.052117
538 0.000000
525 2.186026
738 7.177965
946 0.000000
533 4.666267
113 0.714595
754 0.000000
745 0.000000
897 21.248188
989 2.354234
617 4.310157
319 0.839513
737 13.100258
174 4.086554
281 8.336099
262 4.202109
344 7.311221
575 0.000000
702 2.928644
797 3.273793
169 0.000000
382 12.894636
298 2.240430
837 0.000000
674 0.000000
421 2.418533
859 0.000000
982 2.106547
410 0.000000
137 11.681873
469 7.630371
769 5.717215
968 1.957993
788 4.523337
760 0.807260
419 1.060165
49 3.471972
952 4.092022
39 0.008853
385 7.095643
106 3.989964
783 11.397923
61 2.822551
60 13.639987
707 1.339010
333 5.014273
634 0.508315
311 0.007055
470 6.768326
589 13.357922
898 6.996080
694 2.503561
149 1.455329
477 10.502691
773 2.808611
545 25.056921
932 6.515641
413 8.226535
950 11.031418
565 0.675978
445 0.000000
978 4.843112
743 3.917527
481 4.006199
541 6.390333
825 11.132703
893 0.229647
535 2.324732
383 2.052677
30 16.522387
434 0.647184
165 4.910212
251 0.000000
92 0.814224
117 0.006601
969 2.471971
584 9.865929
666 2.522258
313 7.381502
708 2.855062
785 0.000000
139 2.552869
239 4.723269
817 4.199811
402 3.540040
686 3.804660
536 4.069999
804 4.741827
429 5.799956
581 0.469892
551 4.775549
879 24.540651
759 0.687321
473 0.901132
795 2.287388
510 2.934449
693 0.784555
143 2.256771
115 1.346915
514 8.436370
820 0.367733
338 2.298831
996 1.441764
862 7.327962
609 3.826374
359 22.682711
833 4.935401
751 0.947795
613 9.758390
779 4.893339
874 4.896621
993 5.662628
404 2.742665
902 4.706907
198 0.012382
630 0.327759
997 2.554245
351 17.123316
909 1.718242
886 10.547315
971 2.191807
623 3.527704
345 8.714070
901 9.081760
144 1.551359
986 1.943078
540 1.188630
744 0.924558
183 9.887354
110 1.069410
916 3.970619
933 9.843970
340 1.965675
844 0.048586
3 7.584531
780 0.845982
257 12.105659
643 3.937048
849 7.098835
417 1.897877
763 3.874650
127 1.628377
500 3.107405
775 0.062210
907 5.880215
543 3.260365
587 2.395837
129 3.400533
494 7.675859
964 1.269933
863 7.831759
175 1.974813
409 5.342020
798 12.244030
560 1.144143
194 7.122668
56 1.455739
734 4.532485
573 3.733766
929 6.576920
642 4.828798
515 21.480541
372 6.168077
945 4.475699
211 2.812185
156 1.728141
757 6.304959
980 1.180709
758 2.019900
205 2.127039
925 10.427788
20 13.719260
439 2.833252
675 0.581226
362 5.357910
615 0.636840
639 7.486760
228 23.241877
90 5.392668
910 6.702850
471 0.583888
661 4.826332
273 6.095461
522 9.870418
329 3.002584
123 4.988306
710 0.094871
189 2.148782
889 15.590045
46 5.845130
66 6.623118
547 7.971327
124 3.416783
552 10.828356
38 3.182536
33 1.003732
823 3.031780
558 7.020064
264 2.005746
63 2.961092
747 0.685562
927 7.061773
34 11.258041
835 1.730258
253 1.157386
229 3.675883
723 4.273080
288 8.775112
847 1.678551
222 0.671342
572 2.258864
233 2.809965
988 4.535371
590 2.457266
103 2.119592
944 6.516610
146 6.183970
455 13.040144
394 0.891632
503 4.626234
977 0.722955
496 5.162417
11 1.894871
891 2.487211
704 5.742922
691 0.277028
267 2.224362
665 9.616754
598 20.843826
310 8.810872
899 0.345762
349 0.422056
163 6.509513
529 0.344023
21 8.165000
145 1.951004
223 3.519487
712 0.691089
135 1.572650
427 0.479490
943 16.574497
279 2.748741
225 0.204534
976 3.502426
416 0.615299
371 12.526937
903 7.311333
424 1.800570
564 0.000000
180 0.000000
373 0.000000
725 8.484537
926 0.000000
735 0.000000
297 2.220364
814 2.939901
314 0.209844
951 3.211701
521 5.059847
490 4.984361
100 2.219796
246 10.191211
387 2.352307
934 0.703894
838 3.873337
26 0.391626
928 3.372470
236 2.423829
904 5.219548
428 7.831173
506 7.663872
449 2.955636
975 2.734567
741 19.151220
687 8.024532
921 0.000000
472 0.432206
249 1.505870
896 1.308611
13 0.212107
652 0.500826
17 14.726333
4 0.113423
619 1.813893
227 0.938966
498 5.852441
215 1.698144
128 0.060866
336 11.723811
347 4.804367
546 5.854807
633 1.158899
824 19.676081
627 4.173998
271 6.145266
895 2.022370
245 3.122848
484 6.590798
200 3.528271
663 18.783442
963 3.775416
151 3.798431
953 4.753799
882 7.784886
380 6.212798
386 12.573272
792 18.431999
259 1.053878
762 6.400937
557 17.224079
912 6.592629
292 11.634802
116 2.824656
599 0.000000
502 2.518170
84 0.053485
330 1.675524
562 3.382496
36 6.474881
840 0.114093
220 5.089710
468 2.891672
766 0.119072
31 0.000000
836 11.046876
277 2.466092
450 5.897681
659 3.069175
466 0.896446
209 5.566867
415 1.650598
772 3.768980
677 12.250420
624 0.287524
300 1.259251
770 0.790282
994 2.404305
65 2.732828
913 11.331419
462 3.858222
719 1.327798
407 0.848147
219 7.705070
437 0.000000
784 9.221513
170 2.167006
905 0.541965
566 0.445170
420 10.525807
854 5.148672
782 19.349380
248 5.420477
184 7.384541
959 2.529427
9 0.396704
85 6.260845
181 0.978130
476 1.970237
107 2.584358
620 7.733781
580 1.754179
917 0.215870
14 3.108786
126 5.778821
32 5.130333
826 1.653069
714 1.180187
699 9.317898
606 7.785164
153 3.536087
935 1.800528
191 0.000000
629 0.000000
224 11.939798
260 5.714119
577 2.977706
101 0.139294
650 0.000000
79 0.000000
972 0.000000
294 7.439553
679 0.000000
519 7.822357
50 0.492867
628 0.027035
381 11.009884
740 18.048000
306 1.677763
507 1.005978
721 0.004520
316 2.376195
341 7.541900
389 5.871476
326 0.554917
487 3.247843
27 1.658708
605 4.508910
283 5.256945
703 0.758831
604 9.466842
576 0.553815
160 3.179693
361 2.447383
53 0.841881
114 2.138924
937 2.523287
226 6.627831
307 1.107608
188 6.012203
403 10.944654
152 2.517585
438 3.721512
570 17.354050
809 0.002883
94 0.138957
492 11.137958
365 5.602783
636 0.402190
158 6.297486
440 1.818403
608 10.242688
121 2.595622
868 2.929636
467 2.657660
660 0.045044
388 13.128645
231 11.168567
357 0.523175
958 2.832895
777 14.680757
965 19.018366
676 10.360508
731 11.959510
728 3.409798
816 2.182782
803 6.239955
444 2.180426
268 2.727009
871 8.386953
324 1.321527
672 20.483763
18 1.873155
832 1.372141
554 7.496100
57 5.018711
95 3.525028
662 0.213523
786 8.605960
612 15.898458
368 0.517070
631 46.864246
730 0.319051
390 0.540914
635 0.856650
331 7.498959
296 3.076690
250 5.146228
289 11.287049
276 4.538975
537 3.788863
787 1.236740
